00010
00020
00030
00040
00051
00052
00053
00061
00062
00071
00072
00100
00120
00130
00140
00190
00220
00230
00232
00240
00250
00260
00270
00280
00290
00310
00330
00340
00350
00360
00380
00400
00410
00430
00440
00450
00471
00472
00480
00500
00510
00511
00512
00513
00514
00515
00520
00524
00531
00532
00533
00534
00561
00562
00563
00564
00565
00590
00591
00592
00600
00601
00603
00604
00620
00630
00640
00650
00670
00730
00740
00750
00760
00770
00780
00785
00790
00830
00860
00900
00910
00920
00970
00980
00982
00983
01040
01100
01200
01210
01212
01230
02010
03008
03010
03013
03015
03018
03020
03022
03030
03040
03050
03060
03320
03410
03420
03430
03440
03450
03460
04010
04012
04020
04060
04068
04070
04080
04110
04114
04115
04120
04122
04130
04136
04137
04140
04141
04142
04144
04145
04146
04150
04210
04216
04217
04218
04260
04261
04270
04310
04330
04340
04350
04370
04371
04510
04512
04514
04520
04530
04540
04620
04621
04622
04623
04625
04672
04744
04810
04910
04912
04914
04916
04920
04933
05132
05168
05168